1 goto_1_5 5 1.0
2 goto_2_4 4 1.0
3 goto_3_6 6 1.0
4 goto_4_2 2 1.0
4 goto_4_5 5 1.0
5 goto_5_1 1 1.0
5 goto_5_4 4 1.0
5 goto_5_6 6 1.0
5 goto_5_8 8 1.0
6 goto_6_3 3 1.0
6 goto_6_5 5 1.0
7 goto_7_8 8 1.0
7 goto_7_9 9 1.0
8 goto_8_5 5 1.0
8 goto_8_7 7 1.0
8 goto_8_10 10 1.0
9 goto_9_7 7 1.0
9 goto_9_12 12 1.0
10 goto_10_8 8 1.0
10 goto_10_11 11 1.0
10 goto_10_15 15 1.0
11 goto_11_10 10 1.0
12 goto_12_9 9 1.0
12 goto_12_13 13 1.0
13 goto_13_12 12 1.0
13 goto_13_14 14 1.0
13 goto_13_17 17 1.0
14 goto_14_13 13 1.0
14 goto_14_15 15 1.0
14 goto_14_17 17 1.0
15 goto_15_10 10 1.0
15 goto_15_14 14 1.0
15 goto_15_16 16 1.0
15 goto_15_19 19 1.0
16 goto_16_15 15 1.0
16 goto_16_18 18 1.0
17 goto_17_13 13 1.0
17 goto_17_14 14 1.0
18 goto_18_16 16 1.0
19 goto_19_15 15 1.0
