1 1 0.012500
1 2 0.012500
1 3 0.962500
1 4 0.012500
2 1 0.962500
2 2 0.012500
2 3 0.012500
2 4 0.012500
3 1 0.012500
3 2 0.012500
3 3 0.012500
3 4 0.962500
4 1 0.012500
4 2 0.012500
4 3 0.962500
4 4 0.012500
5 1 0.012500
5 2 0.012500
5 3 0.962500
5 4 0.012500
6 1 0.012500
6 2 0.962500
6 3 0.012500
6 4 0.012500
7 1 0.012500
7 2 0.962500
7 3 0.012500
7 4 0.012500
8 1 0.012500
8 2 0.962500
8 3 0.012500
8 4 0.012500
9 1 0.012500
9 2 0.962500
9 3 0.012500
9 4 0.012500
10 1 0.012500
10 2 0.962500
10 3 0.012500
10 4 0.012500
11 1 0.012500
11 2 0.962500
11 3 0.012500
11 4 0.012500
12 1 0.012500
12 2 0.962500
12 3 0.012500
12 4 0.012500
13 1 0.012500
13 2 0.962500
13 3 0.012500
13 4 0.012500
14 1 0.012500
14 2 0.012500
14 3 0.012500
14 4 0.962500
15 1 0.012500
15 2 0.012500
15 3 0.012500
15 4 0.962500
16 1 0.962500
16 2 0.012500
16 3 0.012500
16 4 0.012500
17 1 0.962500
17 2 0.012500
17 3 0.012500
17 4 0.012500
18 1 0.962500
18 2 0.012500
18 3 0.012500
18 4 0.012500
19 1 0.012500
19 2 0.012500
19 3 0.962500
19 4 0.012500
20 1 0.012500
20 2 0.012500
20 3 0.962500
20 4 0.012500
21 1 0.012500
21 2 0.012500
21 3 0.962500
21 4 0.012500
22 1 0.012500
22 2 0.962500
22 3 0.012500
22 4 0.012500
23 1 0.012500
23 2 0.962500
23 3 0.012500
23 4 0.012500
24 1 0.012500
24 2 0.962500
24 3 0.012500
24 4 0.012500
25 1 0.012500
25 2 0.962500
25 3 0.012500
25 4 0.012500
26 1 0.012500
26 2 0.962500
26 3 0.012500
26 4 0.012500
27 1 0.012500
27 2 0.962500
27 3 0.012500
27 4 0.012500
28 1 0.012500
28 2 0.012500
28 3 0.012500
28 4 0.962500
29 1 0.012500
29 2 0.012500
29 3 0.012500
29 4 0.962500
30 1 0.012500
30 2 0.012500
30 3 0.012500
30 4 0.962500
31 1 0.962500
31 2 0.012500
31 3 0.012500
31 4 0.012500
32 1 0.962500
32 2 0.012500
32 3 0.012500
32 4 0.012500
33 1 0.962500
33 2 0.012500
33 3 0.012500
33 4 0.012500
34 1 0.012500
34 2 0.012500
34 3 0.962500
34 4 0.012500
35 1 0.012500
35 2 0.012500
35 3 0.962500
35 4 0.012500
36 1 0.962500
36 2 0.012500
36 3 0.012500
36 4 0.012500
37 1 0.012500
37 2 0.012500
37 3 0.962500
37 4 0.012500
38 1 0.012500
38 2 0.962500
38 3 0.012500
38 4 0.012500
39 1 0.012500
39 2 0.012500
39 3 0.012500
39 4 0.962500
40 1 0.012500
40 2 0.012500
40 3 0.962500
40 4 0.012500
41 1 0.012500
41 2 0.962500
41 3 0.012500
41 4 0.012500
42 1 0.012500
42 2 0.012500
42 3 0.012500
42 4 0.962500
43 1 0.962500
43 2 0.012500
43 3 0.012500
43 4 0.012500
44 1 0.012500
44 2 0.012500
44 3 0.012500
44 4 0.962500
45 1 0.012500
45 2 0.012500
45 3 0.012500
45 4 0.962500
46 1 0.012500
46 2 0.012500
46 3 0.962500
46 4 0.012500
47 1 0.962500
47 2 0.012500
47 3 0.012500
47 4 0.012500
48 1 0.012500
48 2 0.012500
48 3 0.012500
48 4 0.962500
49 1 0.012500
49 2 0.962500
49 3 0.012500
49 4 0.012500
50 1 0.012500
50 2 0.012500
50 3 0.012500
50 4 0.962500
51 1 0.012500
51 2 0.012500
51 3 0.012500
51 4 0.962500
52 1 0.012500
52 2 0.012500
52 3 0.012500
52 4 0.962500
53 1 0.012500
53 2 0.012500
53 3 0.012500
53 4 0.962500
54 1 0.012500
54 2 0.012500
54 3 0.012500
54 4 0.962500
55 1 0.012500
55 2 0.012500
55 3 0.012500
55 4 0.962500
56 1 0.012500
56 2 0.012500
56 3 0.012500
56 4 0.962500
57 1 0.012500
57 2 0.012500
57 3 0.012500
57 4 0.962500
58 1 0.012500
58 2 0.962500
58 3 0.012500
58 4 0.012500
59 1 0.012500
59 2 0.962500
59 3 0.012500
59 4 0.012500
60 1 0.012500
60 2 0.962500
60 3 0.012500
60 4 0.012500
61 1 0.962500
61 2 0.012500
61 3 0.012500
61 4 0.012500
62 1 0.962500
62 2 0.012500
62 3 0.012500
62 4 0.012500
63 1 0.962500
63 2 0.012500
63 3 0.012500
63 4 0.012500
64 1 0.012500
64 2 0.012500
64 3 0.012500
64 4 0.962500
65 1 0.012500
65 2 0.012500
65 3 0.012500
65 4 0.962500
66 1 0.012500
66 2 0.012500
66 3 0.012500
66 4 0.962500
67 1 0.012500
67 2 0.012500
67 3 0.012500
67 4 0.962500
68 1 0.012500
68 2 0.012500
68 3 0.012500
68 4 0.962500
69 1 0.012500
69 2 0.012500
69 3 0.012500
69 4 0.962500
70 1 0.012500
70 2 0.012500
70 3 0.012500
70 4 0.962500
71 1 0.012500
71 2 0.012500
71 3 0.012500
71 4 0.962500
72 1 0.012500
72 2 0.012500
72 3 0.012500
72 4 0.962500
73 1 0.012500
73 2 0.962500
73 3 0.012500
73 4 0.012500
74 1 0.012500
74 2 0.962500
74 3 0.012500
74 4 0.012500
75 1 0.012500
75 2 0.962500
75 3 0.012500
75 4 0.012500
76 1 0.962500
76 2 0.012500
76 3 0.012500
76 4 0.012500
77 1 0.962500
77 2 0.012500
77 3 0.012500
77 4 0.012500
78 1 0.962500
78 2 0.012500
78 3 0.012500
78 4 0.012500
79 1 0.962500
79 2 0.012500
79 3 0.012500
79 4 0.012500
80 1 0.012500
80 2 0.012500
80 3 0.012500
80 4 0.962500
81 1 0.012500
81 2 0.012500
81 3 0.012500
81 4 0.962500
82 1 0.012500
82 2 0.012500
82 3 0.012500
82 4 0.962500
83 1 0.012500
83 2 0.012500
83 3 0.012500
83 4 0.962500
84 1 0.012500
84 2 0.012500
84 3 0.012500
84 4 0.962500
85 1 0.012500
85 2 0.012500
85 3 0.012500
85 4 0.962500
86 1 0.012500
86 2 0.012500
86 3 0.012500
86 4 0.962500
87 1 0.012500
87 2 0.012500
87 3 0.012500
87 4 0.962500
88 1 0.012500
88 2 0.012500
88 3 0.962500
88 4 0.012500
89 1 0.012500
89 2 0.962500
89 3 0.012500
89 4 0.012500
90 1 0.012500
90 2 0.012500
90 3 0.012500
90 4 0.962500
91 1 0.012500
91 2 0.012500
91 3 0.962500
91 4 0.012500
92 1 0.962500
92 2 0.012500
92 3 0.012500
92 4 0.012500
93 1 0.012500
93 2 0.012500
93 3 0.012500
93 4 0.962500
94 1 0.012500
94 2 0.012500
94 3 0.962500
94 4 0.012500
95 1 0.012500
95 2 0.012500
95 3 0.962500
95 4 0.012500
96 1 0.012500
96 2 0.962500
96 3 0.012500
96 4 0.012500
97 1 0.012500
97 2 0.012500
97 3 0.962500
97 4 0.012500
98 1 0.012500
98 2 0.012500
98 3 0.962500
98 4 0.012500
99 1 0.012500
99 2 0.962500
99 3 0.012500
99 4 0.012500
100 1 0.962500
100 2 0.012500
100 3 0.012500
100 4 0.012500
101 1 0.962500
101 2 0.012500
101 3 0.012500
101 4 0.012500
102 1 0.962500
102 2 0.012500
102 3 0.012500
102 4 0.012500
103 1 0.012500
103 2 0.962500
103 3 0.012500
103 4 0.012500
104 1 0.012500
104 2 0.012500
104 3 0.012500
104 4 0.962500
105 1 0.012500
105 2 0.012500
105 3 0.012500
105 4 0.962500
106 1 0.962500
106 2 0.012500
106 3 0.012500
106 4 0.012500
107 1 0.962500
107 2 0.012500
107 3 0.012500
107 4 0.012500
108 1 0.962500
108 2 0.012500
108 3 0.012500
108 4 0.012500
109 1 0.012500
109 2 0.012500
109 3 0.962500
109 4 0.012500
110 1 0.012500
110 2 0.012500
110 3 0.962500
110 4 0.012500
111 1 0.012500
111 2 0.012500
111 3 0.962500
111 4 0.012500
112 1 0.012500
112 2 0.012500
112 3 0.962500
112 4 0.012500
113 1 0.012500
113 2 0.012500
113 3 0.962500
113 4 0.012500
114 1 0.012500
114 2 0.012500
114 3 0.962500
114 4 0.012500
115 1 0.962500
115 2 0.012500
115 3 0.012500
115 4 0.012500
116 1 0.962500
116 2 0.012500
116 3 0.012500
116 4 0.012500
117 1 0.962500
117 2 0.012500
117 3 0.012500
117 4 0.012500
118 1 0.012500
118 2 0.012500
118 3 0.012500
118 4 0.962500
119 1 0.012500
119 2 0.012500
119 3 0.012500
119 4 0.962500
120 1 0.012500
120 2 0.012500
120 3 0.012500
120 4 0.962500
121 1 0.962500
121 2 0.012500
121 3 0.012500
121 4 0.012500
122 1 0.962500
122 2 0.012500
122 3 0.012500
122 4 0.012500
123 1 0.962500
123 2 0.012500
123 3 0.012500
123 4 0.012500
124 1 0.012500
124 2 0.012500
124 3 0.962500
124 4 0.012500
125 1 0.012500
125 2 0.012500
125 3 0.962500
125 4 0.012500
126 1 0.962500
126 2 0.012500
126 3 0.012500
126 4 0.012500
127 1 0.012500
127 2 0.012500
127 3 0.962500
127 4 0.012500
128 1 0.012500
128 2 0.012500
128 3 0.962500
128 4 0.012500
129 1 0.962500
129 2 0.012500
129 3 0.012500
129 4 0.012500
130 1 0.962500
130 2 0.012500
130 3 0.012500
130 4 0.012500
131 1 0.962500
131 2 0.012500
131 3 0.012500
131 4 0.012500
132 1 0.962500
132 2 0.012500
132 3 0.012500
132 4 0.012500
133 1 0.962500
133 2 0.012500
133 3 0.012500
133 4 0.012500
134 1 0.012500
134 2 0.012500
134 3 0.012500
134 4 0.962500
135 1 0.012500
135 2 0.012500
135 3 0.012500
135 4 0.962500
136 1 0.962500
136 2 0.012500
136 3 0.012500
136 4 0.012500
